154 81
238 81
312 81
403 81
404 81
405 81
488 81
561 81
644 81
736 81
737 81
811 81
894 81
895 81
154 277
238 277
312 277
403 277
404 277
405 277
488 277
561 277
644 277
736 277
737 277
811 277
894 277
895 277
154 433
238 433
312 433
403 433
404 433
405 433
488 433
561 433
644 433
736 433
737 433
811 433
894 433
895 433
154 434
238 434
312 434
403 434
404 434
405 434
488 434
561 434
644 434
736 434
737 434
811 434
894 434
895 434
154 435
238 435
312 435
403 435
404 435
405 435
488 435
561 435
644 435
736 435
737 435
811 435
894 435
895 435
154 573
238 573
312 573
403 573
404 573
405 573
488 573
561 573
644 573
736 573
737 573
811 573
894 573
895 573
154 737
238 737
312 737
403 737
404 737
405 737
488 737
561 737
644 737
736 737
737 737
811 737
894 737
895 737
154 929
238 929
312 929
403 929
404 929
405 929
488 929
561 929
644 929
736 929
737 929
811 929
894 929
895 929
